
3.03523e-09
3.83461e-12
3.45171e-15
2.39898e-18
1.36003e-21
6.54032e-25
2.74612e-28
1.02901e-31
3.50011e-35
2.5269e-11
6.85209e-15
1.28255e-18
1.81555e-22
2.06668e-26
1.97521e-30
1.63576e-34
1.20194e-38
7.98078e-43
8.03717e-14
3.59342e-18
1.07676e-22
2.39429e-27
4.22628e-32
6.20626e-37
7.84385e-42
8.75108e-47
8.78747e-52

5.81481
6.8446
7.78624
8.65808
9.47297
10.2403
10.9672
11.6593
12.3208
6.56934
7.69909
8.72919
9.68101
10.5694
11.4049
12.1958
12.9482
13.6671
7.37795
8.61189
9.73427
10.7696
11.7348
12.6418
13.4998
14.3155
15.0946

0.0027852
0.000481353
7.70556e-05
1.16247e-05
1.67276e-06
2.31613e-07
3.10602e-08
4.05449e-09
5.172e-10
0.000732785
8.36038e-05
8.7582e-06
8.59642e-07
8.01564e-08
7.17066e-09
6.19928e-10
5.20813e-11
4.27014e-12
0.000136877
9.3622e-06
5.82976e-07
3.38234e-08
1.85711e-09
9.75597e-11
4.94291e-12
2.42987e-13
1.16435e-14

2.77205
3.30121
3.78435
4.23116
4.64838
5.04095
5.41259
5.76618
6.10401
3.18142
3.76401
4.2944
4.7839
5.2403
5.66926
6.075
6.46078
6.82918
3.63895
4.27958
4.86134
5.39731
5.89644
6.36513
6.80816
7.22916
7.63104

0.150688
0.0946943
0.0586597
0.0359246
0.0217969
0.013123
0.00784921
0.00466861
0.0027634
0.105216
0.0595137
0.0331141
0.0181888
0.00988729
0.00532885
0.00285152
0.00151661
0.000802405
0.0669354
0.0332041
0.0161673
0.0077594
0.00368157
0.00173051
0.000807116
0.000373979
0.000172313

1.03349
1.31239
1.56612
1.80007
2.01798
2.22255
2.41585
2.59945
2.77461
1.25238
1.55887
1.83688
2.09268
2.3306
2.55373
2.76438
2.96435
3.15503
1.49901
1.83566
2.14025
2.42004
2.67996
2.92352
3.15332
3.37137
3.57922
