
3.49623e-06
4.63942e-08
4.68913e-10
3.8273e-12
2.62998e-14
1.56882e-16
8.31411e-19
3.98532e-21
1.75251e-23
2.02563e-07
1.02407e-09
3.82375e-12
1.1291e-14
2.76551e-17
5.81609e-20
1.07774e-22
1.79482e-25
2.72821e-28
2.64157e-09
3.19064e-12
2.74313e-15
1.81977e-18
9.84282e-22
4.51455e-25
1.80748e-28
6.45706e-32
2.09361e-35

4.49392
5.34031
6.11965
6.84487
7.5253
8.16792
8.77808
9.36004
9.91718
5.06653
5.99394
6.845
7.635
8.37482
9.0725
9.73418
10.3647
10.9678
5.838
6.87087
7.81523
8.68953
9.50667
10.2761
11.005
11.6989
12.3622

0.0187811
0.00597043
0.0017887
0.000511064
0.000140471
3.73863e-05
9.68342e-06
2.45048e-06
6.07778e-07
0.00851984
0.00209891
0.000483404
0.000105583
2.20951e-05
4.46373e-06
8.75566e-07
1.67495e-07
3.13591e-08
0.00247931
0.000413125
6.37087e-05
9.25346e-06
1.28148e-06
1.70714e-07
2.20215e-08
2.76464e-09
3.39128e-10

2.0796
2.51389
2.9132
3.28436
3.63227
3.96057
4.27207
4.56898
4.85309
2.38585
2.8629
3.30001
3.70527
4.0844
4.44164
4.78021
5.10262
5.41087
2.80971
3.34385
3.8314
4.28218
4.70306
5.09901
5.47382
5.83041
6.17108

0.253025
0.185379
0.134396
0.0965952
0.0689253
0.0488801
0.0344817
0.0242132
0.0169342
0.203542
0.139788
0.094833
0.0636995
0.0424372
0.0280777
0.0184681
0.0120859
0.0078744
0.145253
0.0902972
0.0553217
0.0335028
0.0200986
0.0119631
0.00707372
0.00415906
0.00243342

0.664999
0.895053
1.10585
1.3012
1.48384
1.65581
1.81866
1.97361
2.12163
0.829035
1.08127
1.31157
1.52444
1.72308
1.90983
2.08647
2.25439
2.41469
1.05701
1.33893
1.59531
1.83164
2.05172
2.25831
2.4535
2.63888
2.81572
