2.53015e-05
6.66133e-07
1.37071e-08
2.31881e-10
3.34531e-12
4.22987e-14
4.78647e-16
4.92707e-18
4.67398e-20
8.57335e-06
1.54966e-07
2.15755e-09
2.44464e-11
2.34499e-13
1.96073e-15
1.46109e-17
9.87201e-20
6.13096e-22
3.88024e-06
5.34012e-08
5.60579e-10
4.75699e-12
3.40097e-14
2.11189e-16
1.16557e-18
5.82044e-21
2.66707e-23

4.05282
4.83488
5.5572
6.2309
6.86411
7.46296
8.03221
8.57564
9.09628
4.29913
5.1173
5.87164
6.57427
7.23399
7.85741
8.44963
9.01468
9.55581
4.47169
5.31475
6.09113
6.81367
7.49164
8.13197
8.74
9.31994
9.87517

0.0314294
0.0118213
0.00421609
0.0014403
0.000474859
0.000151964
4.74156e-05
1.4476e-05
4.33672e-06
0.022489
0.00758108
0.00241342
0.00073379
0.000214856
6.09653e-05
1.68453e-05
4.54977e-06
1.20487e-06
0.0164703
0.00501746
0.00143843
0.000392876
0.000103152
2.62105e-05
6.47858e-06
1.56403e-06
3.6997e-07

1.86019
2.26289
2.63426
2.9802
3.30501
3.61193
3.90345
4.18156
4.44785
2.00486
2.42848
2.81837
3.18102
3.52113
3.84221
4.14697
4.43753
4.71562
2.13281
2.57462
2.9806
3.35777
3.71117
4.04456
4.36083
4.66223
4.95058

0.291355
0.22263
0.168544
0.126617
0.0945013
0.070139
0.0518064
0.0381043
0.027922
0.264711
0.196567
0.144493
0.10533
0.0762441
0.0548613
0.0392728
0.027988
0.0198674
0.241143
0.174162
0.124419
0.0880914
0.0619064
0.0432305
0.0300253
0.0207558
0.0142891

0.54943
0.763341
0.959934
1.14253
1.31354
1.47476
1.62759
1.77312
1.91225
0.628887
0.853946
1.06035
1.25175
1.4308
1.59944
1.75919
1.91122
2.05649
0.70263
0.937844
1.15317
1.3526
1.53897
1.71437
1.88042
2.03838
2.18926