3.95144e-05
1.21613e-06
2.9442e-08
5.88629e-10
1.0069e-11
1.51325e-13
2.03915e-15
2.50331e-17
2.8354e-19
1.22374e-05
2.50182e-07
3.95795e-09
5.11222e-11
5.603e-13
5.36202e-15
4.57919e-17
3.54945e-19
2.53094e-21
2.06844e-06
2.29446e-08
1.92684e-10
1.3013e-12
7.37697e-15
3.62235e-17
1.57762e-19
6.20668e-22
2.23781e-24

3.94733
4.71373
5.42216
6.08331
6.70502
7.29321
7.8525
8.38654
8.8983
4.21959
5.02617
5.77024
6.46359
7.11482
7.73036
8.31522
8.87333
9.40789
4.60438
5.46654
6.25984
6.99767
7.68965
8.34297
8.96315
9.55454
10.1206

0.0360945
0.0142081
0.00531275
0.0019053
0.000660076
0.000222129
7.29235e-05
2.34354e-05
7.39298e-06
0.0255818
0.0089943
0.00299095
0.000950949
0.0002914
8.65852e-05
2.50645e-05
7.09497e-06
1.96974e-06
0.0146782
0.00430779
0.00118829
0.00031202
7.87093e-05
1.92061e-05
4.55725e-06
1.05586e-06
2.39645e-07

1.79792
2.19149
2.55478
2.89343
3.21156
3.51229
3.79804
4.07071
4.33185
1.95011
2.36585
2.74877
3.10514
3.43949
3.75525
4.05502
4.3409
4.61455
2.17867
2.62694
3.03863
3.42094
3.77906
4.11683
4.43718
4.74243
5.03442

0.303211
0.234464
0.179696
0.136701
0.103339
0.0776984
0.0581462
0.0433358
0.0321807
0.27498
0.206522
0.153594
0.113308
0.0830196
0.0604746
0.0438311
0.0316293
0.0227364
0.234658
0.16811
0.119099
0.0836109
0.0582532
0.0403262
0.0277628
0.0190225
0.0129796

0.515187
0.724223
0.916524
1.09526
1.26275
1.42072
1.57053
1.71322
1.84967
0.597821
0.818548
1.02114
1.20912
1.38504
1.5508
1.70786
1.85737
2.00025
0.723593
0.961663
1.1795
1.38119
1.56961
1.74691
1.91474
2.07437
2.22682