0.153633
0.0990091
0.0613475
0.0366521
0.0211716
0.0118534
0.00644699
0.00341353
0.00176281
0.0791548
0.0397502
0.0187313
0.00833559
0.00352288
0.00142104
0.000549483
0.000204454
7.34488e-05
0.0338566
0.0123462
0.00411197
0.00126517
0.000363066
9.79612e-05
2.50209e-05
6.08464e-06
1.41575e-06

1.02098
1.28722
1.54356
1.79093
2.03013
2.26185
2.48668
2.70516
2.91775
1.41078
1.75359
2.08069
2.39388
2.69467
2.98432
3.26388
3.53427
3.79626
1.82691
2.24618
2.64273
3.01969
3.37952
3.72422
4.05543
4.37453
4.68268

0.363425
0.30874
0.259967
0.217108
0.179939
0.148083
0.121068
0.0983771
0.0794838
0.264999
0.202929
0.152918
0.113581
0.0832745
0.0603415
0.0432606
0.0307155
0.021616
0.161439
0.104697
0.0661107
0.0407931
0.0246695
0.0146574
0.0085736
0.00494567
0.00281758

0.349319
0.499426
0.643448
0.781998
0.915597
1.04469
1.16967
1.29085
1.40855
0.628009
0.831206
1.024
1.2077
1.38338
1.55191
1.71404
1.87038
2.02146
0.988559
1.25524
1.5054
1.74156
1.96565
2.17923
2.38354
2.5796
2.76829

0.599233
0.566802
0.535341
0.504939
0.475661
0.447554
0.420643
0.394942
0.370452
0.533793
0.488319
0.445479
0.405377
0.368047
0.333461
0.301554
0.272224
0.245353
0.4411
0.38143
0.328186
0.281144
0.239923
0.204049
0.173013
0.146297
0.123402

-0.251361
-0.168237
-0.0887017
-0.0123798
0.0610456
0.131845
0.200249
0.266461
0.330655
-0.0848069
0.0292832
0.137093
0.239453
0.337032
0.430375
0.519938
0.6061
0.689186
0.14818
0.301726
0.444928
0.579445
0.706552
0.827245
0.942327
1.05245
1.15814